top_left = [ 103.777, 67.89 ]
size = [ 71.776739, 32.192739 ]
